lambda_air[angstrom], lambda_vac[nm], transition

5202.966, 520.4414858560385, 9-2_Q1f(1.5)
5202.984, 520.4432863355004, 9-2_Q1e(1.5)
5206.725, 520.8174859855063, 9-2_Q2f(1.5)
5206.824, 520.8273886226459, 9-2_Q2e(1.5)
5224.116, 522.5570492825656, 9-2_P1e(2.5)
5224.158, 522.5612504015435, 9-2_P1f(2.5)
5238.704, 524.0162379685291, 9-2_P1e(3.5)
5238.789, 524.0247402334502, 9-2_P1f(3.5)
5256.012, 525.747499198155, 9-2_P1e(4.5)
5256.153, 525.7616029558882, 9-2_P1f(4.5)
5256.741, 525.8204186264894, 6-0_R2e(1.5)
5256.753, 525.8216189462985, 6-0_R1f(1.5)
5256.753, 525.8216189462985, 6-0_R2f(1.5)
5256.770, 525.8233193993616, 6-0_R1e(1.5)
5542.228, 554.3767368889778, 7-1_R1f(2.5)
5542.245, 554.3784373431762, 7-1_R1e(2.5)
5544.571, 554.6110994887844, 7-1_R1f(1.5)
5544.587, 554.6126999162732, 7-1_R1e(1.5)
5544.869, 554.6409074507729, 7-1_R2e(1.5)
5544.885, 554.6425078782628, 7-1_R2f(1.5)
5562.933, 556.447790121512, 7-1_Q2f(0.5)
5563.011, 556.4555922058248, 7-1_Q2e(0.5)
5563.981, 556.5526181262331, 7-1_Q1f(1.5)
5564.006, 556.5551187942875, 7-1_Q1e(1.5)
5569.493, 557.1039654220535, 7-1_Q1f(2.5)
5569.583, 557.1129678271544, 7-1_Q1e(2.5)
5581.190, 558.2739780192596, 7-1_P2e(1.5)
5581.236, 558.2785792486461, 7-1_P2f(1.5)
5589.103, 559.0654895069462, 7-1_P1e(2.5)
5589.152, 559.0703908165909, 7-1_P1f(2.5)
5597.771, 559.9325211881675, 7-1_P2e(2.5)
5597.799, 559.9353219365862, 7-1_P2f(2.5)
5605.094, 560.665016931893, 7-1_P1e(3.5)
5605.192, 560.674819551507, 7-1_P1f(3.5)
5617.158, 561.8717394265719, 7-1_P2f(3.5)
5617.163, 561.872239560238, 7-1_P2e(3.5)
5623.751, 562.5312156831471, 7-1_P1e(4.5)
5623.910, 562.5471199339459, 7-1_P1f(4.5)
5639.268, 564.0833305478909, 7-1_P2f(4.5)
5639.316, 564.0881318313014, 7-1_P2e(4.5)
5865.447, 586.7072829996721, 8-2_R1f(2.5)
5865.461, 586.708683374599, 8-2_R1e(2.5)
5865.989, 586.7614975147204, 8-2_R1f(3.5)
5865.991, 586.7616975682815, 8-2_R1e(3.5)
5867.234, 586.8860308566797, 8-2_R2e(2.5)
5867.273, 586.8899319011311, 8-2_R2f(2.5)
5867.532, 586.9158388373661, 8-2_R1f(1.5)
5867.548, 586.9174392658598, 8-2_R1e(1.5)
5868.290, 586.9916591373035, 8-2_R2e(1.5)
5868.311, 586.9937596997041, 8-2_R2f(1.5)
5869.467, 587.1093906586476, 8-2_R2e(3.5)
5869.512, 587.1138918638015, 8-2_R2f(3.5)
5872.725, 587.4352779127186, 8-2_R2f(0.5)
5872.729, 587.4356780198457, 8-2_R2e(0.5)
5887.089, 588.8720626242106, 8-2_Q2f(0.5)
5887.169, 588.8800647669547, 8-2_Q2e(0.5)
5888.171, 588.9802916049183, 8-2_Q1f(1.5)
5888.196, 588.9827922745304, 8-2_Q1e(1.5)
5894.422, 589.6055590381299, 8-2_Q1f(2.5)
5894.514, 589.6147615024033, 8-2_Q1e(2.5)
5906.673, 590.8309872012339, 8-2_P2e(1.5)
5906.725, 590.8361885941946, 8-2_P2f(1.5)
5915.275, 591.6914176354245, 8-2_P1e(2.5)
5915.327, 591.6966190284624, 8-2_P1f(2.5)
5924.705, 592.6346702650842, 8-2_P2e(2.5)
5924.741, 592.6382712295533, 8-2_P2f(2.5)
5932.810, 593.4453874101746, 8-2_P1e(3.5)
5932.914, 593.4557901965633, 8-2_P1f(3.5)
5945.930, 594.7577389383471, 8-2_P2e(3.5)
5945.933, 594.7580390187303, 8-2_P2f(3.5)
5953.336, 595.4985373824501, 8-2_P1e(4.5)
5953.505, 595.5154419109207, 8-2_P1f(4.5)
5970.256, 597.190990789244, 8-2_P2f(4.5)
5970.299, 597.19529194158, 8-2_P2e(4.5)
5976.953, 597.8608702626003, 8-2_P1e(5.5)
5977.200, 597.8855768821128, 8-2_P1f(5.5)
5997.715, 599.9376267121517, 8-2_P2f(5.5)
5997.814, 599.9475293656556, 8-2_P2e(5.5)
6003.744, 600.5406883107896, 8-2_P1e(6.5)
6004.078, 600.5740972633517, 8-2_P1f(6.5)
6028.353, 603.0022479810931, 8-2_P2f(6.5)
6028.518, 603.0187524044251, 8-2_P2e(6.5)
6033.783, 603.5453935512318, 8-2_P1e(7.5)
6034.214, 603.5885051058976, 8-2_P1f(7.5)
6067.147, 606.8826880937694, 8-2_P1e(8.5)
6068.684, 607.0364293074856, 8-2_P1f(8.5)
6136.541, 613.823949219652, 5-0_R1f(4.5)
6136.566, 613.8264498902784, 5-0_R1e(4.5)
6136.767, 613.8465552821182, 5-0_R1f(3.5)
6136.804, 613.8502562746465, 5-0_R1e(3.5)
6138.859, 614.0558114005377, 5-0_R1f(5.5)
6138.863, 614.0562115078392, 5-0_R1e(5.5)
6139.447, 614.1146271739037, 5-0_R1f(2.5)
6139.485, 614.1184281932727, 5-0_R1e(2.5)
6143.368, 614.5068323578488, 5-0_R2e(1.5)
6143.381, 614.5081327065881, 5-0_R2f(1.5)
6144.462, 614.6162617056865, 5-0_R1f(1.5)
6144.491, 614.6191624836481, 5-0_R1e(1.5)
6150.917, 615.2619348723574, 5-0_R2f(0.5)
6150.934, 615.2636353284205, 5-0_R2e(0.5)
6170.621, 617.2328635055632, 5-0_Q1f(1.5)
6170.656, 617.2363644446204, 5-0_Q1e(1.5)
6176.223, 617.7932138107285, 5-0_Q1f(2.5)
6176.350, 617.8059172182724, 5-0_Q1e(2.5)
6184.264, 618.5975295639795, 5-0_Q1f(3.5)
6184.551, 618.6262372648393, 5-0_Q1e(3.5)
6192.910, 619.4623615611031, 5-0_P2e(1.5)
6192.964, 619.4677630101138, 5-0_P2f(1.5)
6202.688, 620.4404239463853, 5-0_P1e(2.5)
6202.752, 620.4468256638237, 5-0_P1f(2.5)
6213.045, 621.4764018840533, 5-0_P2e(2.5)
6213.071, 621.4790025818021, 5-0_P2f(2.5)
6221.710, 622.3431344277396, 5-0_P1e(3.5)
6221.832, 622.3553377019472, 5-0_P1f(3.5)
6234.289, 623.6013720314019, 9-3_R1f(2.5)
6234.297, 623.6021722461186, 9-3_R1e(2.5)
6235.662, 623.7387088822895, 9-3_R1e(3.5)
6235.672, 623.7397091506873, 9-3_R1f(3.5)
6235.942, 623.7667163974347, 9-3_R1f(1.5)
6235.956, 623.7681167731924, 9-3_R1e(1.5)
6236.006, 623.7731181151839, 5-0_P2f(3.5)
6236.023, 623.7748185714611, 5-0_P2e(3.5)
6236.964, 623.8689438278116, 9-3_R2e(2.5)
6237.017, 623.8742452503302, 9-3_R2f(2.5)
6237.394, 623.9119553690132, 9-3_R2e(1.5)
6237.427, 623.9152562547343, 9-3_R2f(1.5)
6240.176, 624.19023003855, 9-3_R1e(4.5)
6240.219, 624.1945311926889, 9-3_R1f(4.5)
6241.686, 624.3412705677745, 9-3_R2e(0.5)
6241.689, 624.3415706482965, 9-3_R2f(0.5)
6243.546, 624.5273204916424, 5-0_P1e(4.5)
6243.738, 624.5465256451023, 5-0_P1f(4.5)
6247.957, 624.9685388883562, 9-3_R1e(5.5)
6248.047, 624.977541304097, 9-3_R1f(5.5)
6256.900, 625.8630789381549, 9-3_Q2f(0.5)
6256.982, 625.8712811392684, 9-3_Q2e(0.5)
6257.949, 625.9680070963742, 9-3_Q1f(1.5)
6257.974, 625.9705077674494, 9-3_Q1e(1.5)
6261.721, 626.345308349156, 5-0_P2f(4.5)
6261.792, 626.3524102550471, 5-0_P2e(4.5)
6262.664, 626.4396336626689, 9-3_Q2f(1.5)
6262.804, 626.4536374207834, 9-3_Q2e(1.5)
6265.168, 626.6901008796542, 9-3_Q1f(2.5)
6265.261, 626.699403376149, 9-3_Q1e(2.5)
6268.270, 627.0003841504974, 5-0_P1e(5.5)
6268.540, 627.0273913985078, 5-0_P1f(5.5)
6272.217, 627.3951901067053, 9-3_Q2f(2.5)
6272.373, 627.410794294531, 9-3_Q2e(2.5)
6275.485, 627.7220778370059, 9-3_Q1f(3.5)
6275.698, 627.7433835550984, 9-3_Q1e(3.5)
6278.060, 627.9796469646099, 9-3_P2e(1.5)
6278.121, 627.9857486022071, 9-3_P2f(1.5)
6287.407, 628.9145978989794, 9-3_P1e(2.5)
6287.462, 628.9200993755743, 9-3_P1f(2.5)
6297.879, 629.9620790502944, 9-3_P2e(2.5)
6297.927, 629.9668803390297, 9-3_P2f(2.5)
6306.869, 630.861320425268, 9-3_P1e(3.5)
6306.981, 630.8725234324577, 9-3_P1f(3.5)
6321.390, 632.3138103273604, 9-3_P2e(3.5)
6321.406, 632.3154107569912, 9-3_P2f(3.5)
6329.747, 633.1497347336785, 9-3_P1e(4.5)
6329.933, 633.1683397283525, 9-3_P1f(4.5)
6348.516, 635.0271387632188, 9-3_P2f(4.5)
6348.547, 635.030239595744, 9-3_P2e(4.5)
6356.167, 635.7924442397731, 9-3_P1e(5.5)
6356.441, 635.8198515985113, 9-3_P1f(5.5)
6379.268, 638.1031646923161, 9-3_P2f(5.5)
6379.361, 638.1124671902792, 9-3_P2e(5.5)
6386.236, 638.8001518547499, 9-3_P1e(6.5)
6386.611, 638.8376619275394, 9-3_P1f(6.5)
6413.720, 641.549290145863, 9-3_P2f(6.5)
6413.885, 641.5657945784909, 9-3_P2e(6.5)
6420.056, 642.1830603613577, 9-3_P1e(7.5)
6420.544, 642.2318734716087, 9-3_P1f(7.5)
6451.960, 645.3743175364813, 9-3_P2f(7.5)
6452.209, 645.3992242269662, 9-3_P2e(7.5)
6457.734, 645.9518726825613, 9-3_P1e(8.5)
6458.344, 646.0128890733756, 9-3_P1f(8.5)
6463.505, 646.529127752333, 6-1_R1f(3.5)
6463.538, 646.5324286390726, 6-1_R1e(3.5)
6463.793, 646.5579354911553, 6-1_R1f(4.5)
6463.810, 646.5596359479612, 6-1_R1e(4.5)
6464.870, 646.6656644312205, 6-1_R2e(3.5)
6464.922, 646.6708658285162, 6-1_R2f(3.5)
6465.828, 646.7614901737622, 6-1_R2e(2.5)
6465.867, 646.7653912217389, 6-1_R2f(2.5)
6465.936, 646.7722930758517, 6-1_R1f(2.5)
6465.971, 646.7757940163439, 6-1_R1e(2.5)
6470.138, 647.1926059897885, 6-1_R2e(1.5)
6470.152, 647.1940063659929, 6-1_R2f(1.5)
6470.960, 647.2748280784058, 6-1_R1f(1.5)
6470.988, 647.2776288308175, 6-1_R1e(1.5)
6477.902, 647.9692146258747, 6-1_R2f(0.5)
6477.919, 647.9709150827113, 6-1_R2e(0.5)
6497.471, 649.9266405228908, 6-1_Q2f(0.5)
6497.582, 649.937743506042, 6-1_Q2e(0.5)
6498.711, 650.0506738482705, 6-1_Q1f(1.5)
6498.746, 650.0541747889089, 6-1_Q1e(1.5)
6504.931, 650.6728410156059, 6-1_Q1f(2.5)
6505.060, 650.6857444826329, 6-1_Q1e(2.5)
6513.845, 651.5644805947871, 6-1_Q1f(3.5)
6514.137, 651.5936884429616, 6-1_Q1e(3.5)
6522.396, 652.4198104270888, 6-1_P2e(1.5)
6522.455, 652.4257120129124, 6-1_P2f(1.5)
6533.011, 653.4815957479369, 6-1_P1e(2.5)
6533.077, 653.4881975219964, 6-1_P1f(2.5)
6544.006, 654.5813912975846, 6-1_P2e(2.5)
6544.038, 654.584592157778, 6-1_P2f(2.5)
6553.553, 655.5363479365874, 6-1_P1e(3.5)
6553.681, 655.5491513775136, 6-1_P1f(3.5)
6568.772, 657.0586570714165, 6-1_P2f(3.5)
6568.786, 657.060057447794, 6-1_P2e(3.5)
6577.183, 657.8999831978372, 6-1_P1e(4.5)
6577.386, 657.9202886555189, 6-1_P1f(4.5)
6596.608, 659.8430054641354, 6-1_P2f(4.5)
6596.679, 659.8501073731461, 6-1_P2e(4.5)
6603.990, 660.5814039507167, 6-1_P1e(5.5)
6604.279, 660.6103117214573, 6-1_P1f(5.5)
6627.555, 662.9385376080684, 6-1_P2f(5.5)
6627.679, 662.9509409425743, 6-1_P2e(5.5)
6634.038, 663.5870119460164, 6-1_P1e(6.5)
6634.421, 663.6253222456376, 6-1_P1f(6.5)
6634.421, 663.6253222456376, 6-1_P1f(6.5)
6661.664, 666.3503549076439, 6-1_P2f(6.5)
6661.878, 666.3717606632162, 6-1_P2e(6.5)
6667.384, 666.9225087500062, 6-1_P1e(7.5)
6667.869, 666.9710217945075, 6-1_P1f(7.5)
6699.008, 670.0857593623001, 6-1_P2f(7.5)
6699.304, 670.1153673245583, 6-1_P2e(7.5)
6704.087, 670.5937959863558, 6-1_P1e(8.5)
6704.683, 670.6534120188267, 6-1_P1f(8.5)
6744.216, 674.607775551332, 6-1_P1e(9.5)
6744.933, 674.6794948419795, 6-1_P1f(9.5)
6787.849, 678.9722495870242, 6-1_P1e(10.5)
6788.697, 679.0570724062957, 6-1_P1f(10.5)
6827.446, 682.9330152069381, 7-2_R1f(3.5)
6827.472, 682.9356159066963, 7-2_R1e(3.5)
6828.466, 683.0350426590497, 7-2_R1f(4.5)
6828.473, 683.035742847447, 7-2_R1e(4.5)
6829.474, 683.1358697883054, 7-2_R1f(2.5)
6829.507, 683.1391706764673, 7-2_R1e(2.5)
6829.536, 683.1420714569734, 7-2_R2e(3.5)
6829.593, 683.147772991072, 7-2_R2f(3.5)
6829.900, 683.1784812536786, 7-2_R2e(2.5)
6829.944, 683.1828824378966, 7-2_R2f(2.5)
6832.621, 683.4506544871916, 7-2_R1e(5.5)
6832.648, 683.4533552138788, 7-2_R1f(5.5)
6832.803, 683.4688593856027, 7-2_R2e(4.5)
6832.860, 683.4745609197213, 7-2_R2f(4.5)
6833.999, 683.5884915752503, 7-2_R2e(1.5)
6834.018, 683.5903920866256, 7-2_R2f(1.5)
6834.420, 683.6306029062581, 7-2_R1f(1.5)
6834.447, 683.6333036329505, 7-2_R1e(1.5)
6839.635, 684.1522432669943, 7-2_R2e(5.5)
6839.681, 684.1568445050885, 7-2_R2f(5.5)
6840.011, 684.1898533870757, 7-2_R1e(6.5)
6840.082, 684.1969552980505, 7-2_R1f(6.5)
6841.937, 684.3825052258155, 7-2_R2f(0.5)
6841.953, 684.3841056564609, 7-2_R2e(0.5)
6850.005, 685.1895223822313, 7-2_R2e(6.5)
6850.028, 685.191823001304, 7-2_R2f(6.5)
6850.722, 685.2612416811733, 7-2_R1e(7.5)
6850.851, 685.2741451533736, 7-2_R1f(7.5)
6862.622, 686.4515619923823, 7-2_Q2f(0.5)
6862.738, 686.4631651148177, 7-2_Q2e(0.5)
6863.937, 686.5830973890393, 7-2_Q1f(1.5)
6863.973, 686.5866983580759, 7-2_Q1e(1.5)
6868.294, 687.0189146703746, 7-2_Q2f(1.5)
6868.490, 687.038519946332, 7-2_Q2e(1.5)
6870.929, 687.2824856000425, 7-2_Q1f(2.5)
6871.060, 687.2955891263563, 7-2_Q1e(2.5)
6880.936, 688.283454977943, 7-2_Q1f(3.5)
6881.234, 688.313262999951, 7-2_Q1e(3.5)
6889.255, 689.1155789246758, 7-2_P2e(1.5)
6889.321, 689.1221807014189, 7-2_P2f(1.5)
6894.088, 689.5990090319309, 7-2_Q1f(4.5)
6894.628, 689.6530235692061, 7-2_Q1e(4.5)
6900.799, 690.2702897001163, 7-2_P1e(2.5)
6900.867, 690.2770915307823, 7-2_P1f(2.5)
6912.603, 691.4510074893535, 7-2_P2e(2.5)
6912.642, 691.4549085393418, 7-2_P2f(2.5)
6923.152, 692.5061915034859, 7-2_P1e(3.5)
6923.287, 692.519695138209, 7-2_P1f(3.5)
6939.518, 694.1432321532643, 7-2_P2f(3.5)
6939.525, 694.1439323417432, 7-2_P2e(3.5)
6948.936, 695.0852857425999, 7-2_P1e(4.5)
6949.153, 695.1069915856547, 7-2_P1f(4.5)
6969.896, 697.1818501445164, 7-2_P2f(4.5)
6969.963, 697.188551948735, 7-2_P2e(4.5)
6978.258, 698.0182753252637, 7-2_P1e(5.5)
6978.569, 698.049383700335, 7-2_P1f(5.5)
7003.788, 700.5719628673529, 7-2_P2f(5.5)
7003.928, 700.5859666378375, 7-2_P2e(5.5)
7011.202, 701.3135625441043, 7-2_P1e(6.5)
7011.618, 701.3551737481407, 7-2_P1f(6.5)
7041.251, 704.3192718910417, 7-2_P2f(6.5)
7041.473, 704.3414778707721, 7-2_P2e(6.5)
7047.846, 704.9789495341807, 7-2_P1e(7.5)
7048.376, 705.0319638104623, 7-2_P1f(7.5)
7082.370, 708.4322795425651, 7-2_P2f(7.5)
7082.683, 708.4635879746919, 7-2_P2e(7.5)
7088.266, 709.0220383806255, 7-2_P1e(8.5)
7088.922, 709.0876560534509, 7-2_P1f(8.5)
7127.248, 712.9212886376658, 7-2_P2f(8.5)
7127.661, 712.962599765522, 7-2_P2e(8.5)
7132.553, 713.4519315766022, 7-2_P1e(9.5)
7133.346, 713.5312529435723, 7-2_P1f(9.5)
7176.005, 717.798302454242, 7-2_P2f(9.5)
7176.528, 717.8506165483043, 7-2_P2e(9.5)
7180.808, 718.2787318887998, 7-2_P1e(10.5)
7181.750, 718.3729572747138, 7-2_P1f(10.5)
7228.773, 723.0765245979395, 7-2_P2f(10.5)
7229.417, 723.1409419558566, 7-2_P2e(10.5)
7233.149, 723.5142425462585, 7-2_P1e(11.5)
7233.252, 723.524545322485, 7-2_P1f(11.5)
7238.771, 724.0765940810983, 8-3_R1f(3.5)
7238.787, 724.0781945123648, 8-3_R1e(3.5)
7240.166, 724.2161316822296, 8-3_R1f(2.5)
7240.194, 724.2189324369497, 8-3_R1e(2.5)
7240.843, 724.2838499302966, 8-3_R1e(4.5)
7240.854, 724.2849502267942, 8-3_R1f(4.5)
7241.378, 724.3373643508803, 8-3_R2e(2.5)
7241.433, 724.3428658333719, 8-3_R2f(2.5)
7241.900, 724.3895784210823, 8-3_R2e(3.5)
7241.969, 724.3964802809384, 8-3_R2f(3.5)
7244.894, 724.6890591230542, 8-3_R1f(1.5)
7244.920, 724.6916598238765, 8-3_R1e(1.5)
7245.083, 724.7079642174939, 8-3_R2e(1.5)
7245.110, 724.7106649452714, 8-3_R2f(1.5)
7246.488, 724.8485020889588, 8-3_R1e(5.5)
7246.541, 724.8538035175656, 8-3_R1f(5.5)
7246.548, 724.8545037062494, 8-3_R2e(4.5)
7246.615, 724.8612055122244, 8-3_R2f(4.5)
7253.122, 725.5120809093355, 8-3_R2f(0.5)
7253.132, 725.5130811788898, 8-3_R2e(0.5)
7255.261, 725.726038567206, 8-3_R2e(5.5)
7255.312, 725.7311399419427, 8-3_R2f(5.5)
7255.835, 725.7834540397471, 8-3_R1e(6.5)
7255.945, 725.7944570048713, 8-3_R1f(6.5)
7275.048, 727.7052719553845, 8-3_Q2f(0.5)
7275.168, 727.7172751902696, 8-3_Q2e(0.5)
7276.387, 727.8392080513788, 8-3_Q1f(1.5)
7276.423, 727.8428090218484, 8-3_Q1e(1.5)
7281.460, 728.3466448078311, 8-3_Q2f(1.5)
7281.664, 728.3670503072508, 8-3_Q2e(1.5)
7284.372, 728.637923309696, 8-3_Q1f(2.5)
7284.506, 728.6513269220937, 8-3_Q1e(2.5)
7285.698, 728.7705590563269, 7-2_P2f(11.5)
7286.474, 728.8481799759953, 7-2_P2e(11.5)
7289.710, 729.171867213736, 7-2_P1e(12.5)
7290.986, 729.2995016130474, 7-2_P1f(12.5)
7295.786, 729.7796310161169, 8-3_Q1f(3.5)
7296.092, 729.8102392656306, 8-3_Q1e(3.5)
7303.679, 730.5691438076501, 8-3_P2e(1.5)
7303.753, 730.5765458026805, 8-3_P2f(1.5)
7310.776, 731.2790351440184, 8-3_Q1f(4.5)
7311.331, 731.3345501070999, 8-3_Q1e(4.5)
7316.246, 731.8261826191548, 8-3_P1e(2.5)
7316.318, 731.8333845603439, 8-3_P1f(2.5)
7329.122, 733.1141297755651, 8-3_P2e(2.5)
7329.173, 733.1192311506305, 8-3_P2f(2.5)
7340.812, 734.28344496795, 8-3_P1e(3.5)
7340.957, 734.2979488775952, 8-3_P1f(3.5)
7346.944, 734.8968103070684, 7-2_P2f(12.5)
7347.861, 734.9885350327144, 7-2_P2e(12.5)
7350.640, 735.2665099650709, 7-2_P1e(13.5)
7352.104, 735.4129494403152, 7-2_P1f(13.5)
7358.657, 736.0684261374059, 8-3_P2e(3.5)
7358.662, 736.0689262722289, 8-3_P2f(3.5)
7369.248, 737.1278117240488, 8-3_P1e(4.5)
7369.483, 737.1513180609386, 8-3_P1f(4.5)
7392.169, 739.4205298218599, 8-3_P2f(4.5)
7392.228, 739.4264314129367, 8-3_P2e(4.5)
7401.688, 740.3726865283379, 8-3_P1e(5.5)
7402.029, 740.4067957244974, 8-3_P1f(5.5)
7412.690, 741.4731832374486, 7-2_P2f(13.5)
7413.759, 741.5801120674724, 7-2_P2e(13.5)
7416.112, 741.8154755262212, 7-2_P1e(14.5)
7417.776, 741.9819204034027, 7-2_P1f(14.5)
7429.712, 743.1758423175713, 8-3_P2f(5.5)
7429.849, 743.1895460125321, 8-3_P2e(5.5)
7438.243, 744.0291724059962, 8-3_P1e(6.5)
7438.702, 744.0750847857911, 8-3_P1f(6.5)
7461.206, 746.3260917674473, 4-0_R1f(5.5)
7461.271, 746.332593520698, 4-0_R1e(5.5)
7462.385, 746.4440235687681, 4-0_R1f(4.5)
7462.464, 746.4519256996493, 4-0_R1e(4.5)
7464.830, 746.6885895184308, 4-0_R2e(3.5)
7464.906, 746.6961915684076, 4-0_R2f(3.5)
7466.569, 746.8625364252543, 4-0_R1f(3.5)
7466.652, 746.8708386640566, 4-0_R1e(3.5)
7470.682, 747.2739473680128, 4-0_R2e(2.5)
7470.732, 747.2789487167056, 4-0_R2f(2.5)
7471.359, 747.3416656293276, 8-3_P2f(6.5)
7471.586, 747.3643717524058, 8-3_P2e(6.5)
7473.642, 747.5700272109606, 4-0_R1f(2.5)
7473.714, 747.5772291530949, 4-0_R1e(2.5)
7479.015, 748.1074721438989, 8-3_P1e(7.5)
7479.605, 748.1664880588802, 8-3_P1f(7.5)
7480.247, 748.2307053765699, 4-0_R2e(1.5)
7480.258, 748.2318056732906, 4-0_R2f(1.5)
7483.451, 748.5511918036649, 4-0_R1f(1.5)
7483.501, 748.5561931524088, 4-0_R1e(1.5)
7493.653, 749.5716670055378, 4-0_R2f(0.5)
7493.687, 749.5750679227115, 4-0_R2e(0.5)
7517.212, 751.9282025480505, 8-3_P2f(7.5)
7517.540, 751.9610113966974, 8-3_P2e(7.5)
7522.579, 752.4650473378038, 4-0_Q2f(0.5)
7522.740, 752.4811516812618, 4-0_Q2e(0.5)
7523.967, 752.6038847833348, 4-0_Q1f(1.5)
7524.021, 752.6092862401526, 4-0_Q1e(1.5)
7524.111, 752.6182886681826, 8-3_P1e(8.5)
7524.844, 752.691608443162, 8-3_P1f(8.5)
7530.615, 753.2688641355077, 4-0_Q1f(2.5)
7530.811, 753.2884694233202, 4-0_Q1e(2.5)
7540.160, 754.2236216500854, 4-0_Q1f(3.5)
7540.602, 754.2678335749777, 4-0_Q1e(3.5)
7552.729, 755.4808607600564, 4-0_Q1f(4.5)
7553.521, 755.5600821285258, 4-0_Q1e(4.5)
7557.454, 755.9534882431262, 4-0_P2e(1.5)
7557.530, 755.9610902936618, 4-0_P2f(1.5)
7567.402, 756.9485566512521, 8-3_P2f(8.5)
7567.842, 756.9925685231199, 8-3_P2e(8.5)
7571.699, 757.3783725914743, 4-0_P1e(2.5)
7571.792, 757.3876751007853, 4-0_P1f(2.5)
7573.651, 757.57362526016, 8-3_P1e(9.5)
7574.542, 757.6627493011388, 8-3_P1f(9.5)
7586.077, 758.8165605442512, 4-0_P2e(2.5)
7586.109, 758.8197614077054, 4-0_P2f(2.5)
7598.356, 760.0447918735833, 4-0_P1e(3.5)
7598.530, 760.0621965687803, 4-0_P1f(3.5)
7618.034, 762.0131228772191, 4-0_P2f(3.5)
7618.067, 762.0164237677366, 4-0_P2e(3.5)
7622.077, 762.417531979742, 8-3_P2f(9.5)
7622.642, 762.4740472266685, 8-3_P2e(9.5)
7627.771, 762.9870856374844, 8-3_P1e(10.5)
7628.489, 763.0589050135382, 4-0_P1e(4.5)
7628.489, 763.0589050135382, 4-0_P1e(4.5)
7628.759, 763.0859122998082, 4-0_P1f(4.5)
7628.759, 763.0859122998082, 4-0_P1f(4.5)
7628.834, 763.0934143237729, 8-3_P1f(10.5)
7662.175, 766.4284141124707, 4-0_P1e(5.5)
7662.549, 766.4658242062502, 4-0_P1f(5.5)
7681.410, 768.3524332538844, 8-3_P2f(10.5)
7682.112, 768.422652200973, 8-3_P2e(10.5)
7686.627, 768.8742740623896, 8-3_P1e(11.5)
7687.878, 768.9994078275798, 8-3_P1f(11.5)
7691.813, 769.3930140361838, 4-0_P2f(5.5)
7692.009, 769.4126193264007, 4-0_P2e(5.5)
7699.461, 770.1580204647029, 4-0_P1e(6.5)
7699.947, 770.2066335825597, 4-0_P1f(6.5)
7712.206, 771.4328644767743, 9-4_R1f(3.5)
7712.209, 771.4331645577513, 9-4_R1e(3.5)
7712.605, 771.4727752467435, 9-4_R1f(2.5)
7712.626, 771.4748758135843, 9-4_R1e(2.5)
7715.011, 771.7134401907144, 9-4_R2e(2.5)
7715.086, 771.7209422151592, 9-4_R2f(2.5)
7715.824, 771.7947621357177, 9-4_R1e(4.5)
7715.859, 771.7982630804607, 9-4_R1f(4.5)
7716.874, 771.8997904780441, 9-4_R2e(3.5)
7716.892, 771.9015909639132, 9-4_R1f(1.5)
7716.915, 771.9038915847461, 9-4_R1e(1.5)
7716.964, 771.90879290739, 9-4_R2f(3.5)
7718.028, 772.0152216277031, 9-4_R2e(1.5)
7718.072, 772.019622815387, 9-4_R2f(1.5)
7723.525, 772.565070008301, 9-4_R2e(4.5)
7723.611, 772.5736723297176, 9-4_R2f(4.5)
7723.625, 772.5750727076226, 9-4_R1e(5.5)
7723.715, 772.5840751370129, 9-4_R1f(5.5)
7726.040, 772.8166378964631, 9-4_R2e(0.5)
7726.041, 772.8167379234565, 9-4_R2f(0.5)
7733.773, 773.5901466385636, 4-0_P2f(6.5)
7734.063, 773.619154466814, 4-0_P2e(6.5)
7734.913, 773.704177411721, 9-4_R2e(5.5)
7734.978, 773.7106791663336, 9-4_R2f(5.5)
7735.747, 773.7875999247747, 9-4_R1e(6.5)
7735.910, 773.8039043248135, 9-4_R1f(6.5)
7749.364, 775.1496675101092, 9-4_Q2f(0.5)
7749.486, 775.1618708035096, 9-4_Q2e(0.5)
7750.622, 775.2755014699774, 9-4_Q1f(1.5)
7750.658, 775.2791024418035, 9-4_Q1e(1.5)
7756.756, 775.8890670597046, 9-4_Q2f(1.5)
7756.964, 775.9098726747932, 9-4_Q2e(1.5)
7759.929, 776.206452717138, 9-4_Q1f(2.5)
7760.063, 776.2198563345809, 9-4_Q1e(2.5)
7773.216, 777.5355114171405, 9-4_Q1f(3.5)
7773.525, 777.5664197591508, 9-4_Q1e(3.5)
7780.388, 778.2529050399181, 9-4_P2e(1.5)
7780.475, 778.2616073886829, 9-4_P2f(1.5)
7790.654, 779.279782197888, 9-4_Q1f(4.5)
7791.218, 779.3361974247841, 9-4_Q1e(4.5)
7794.074, 779.621874531538, 9-4_P1e(2.5)
7794.149, 779.6293765564079, 9-4_P1f(2.5)
7808.433, 781.0581622068697, 9-4_P2e(2.5)
7808.501, 781.0649640428204, 9-4_P2f(2.5)
7821.426, 782.357813014349, 9-4_P1e(3.5)
7821.580, 782.3732171723781, 9-4_P1f(3.5)
7841.254, 784.34114838766, 9-4_P2e(3.5)
7841.278, 784.3435490356974, 9-4_P2f(3.5)
7849.120, 785.1279607840789, 5-1_R1f(5.5)
7849.173, 785.1332622151906, 5-1_R1e(5.5)
7849.689, 785.1848761482878, 5-1_R1f(4.5)
7849.761, 785.1920780924424, 5-1_R1e(4.5)
7850.479, 785.2638974800032, 5-1_R2e(4.5)
7850.573, 785.2733000182101, 5-1_R2f(4.5)
7852.268, 785.4428457870465, 5-1_R2e(3.5)
7852.349, 785.4509479742349, 5-1_R2f(3.5)
7853.232, 785.5392718173166, 9-4_P1e(4.5)
7853.488, 785.5648787299305, 9-4_P1f(4.5)
7853.565, 785.5725808091157, 5-1_R1f(3.5)
7853.644, 785.5804829423065, 5-1_R1e(3.5)
7857.967, 786.0128996743969, 5-1_R2e(2.5)
7858.021, 786.0183011325433, 5-1_R2f(2.5)
7860.623, 786.2785713938479, 5-1_R1f(2.5)
7860.693, 786.2855732840508, 5-1_R1e(2.5)
7867.723, 786.9887631161432, 5-1_R2e(1.5)
7867.737, 786.9901634941905, 5-1_R2f(1.5)
7870.706, 787.2871436675409, 5-1_R1f(1.5)
7870.755, 787.2920449907167, 5-1_R1e(1.5)
7878.762, 788.0929612106605, 9-4_P2f(4.5)
7878.803, 788.0970623178303, 9-4_P2e(4.5)
7881.666, 788.3834396309643, 5-1_R2f(0.5)
7881.699, 788.3867405221073, 5-1_R2e(0.5)
7889.664, 789.1834556138169, 9-4_P1e(5.5)
7889.664, 789.1834556138169, 9-4_P1e(5.5)
7890.038, 789.2208657136468, 9-4_P1f(5.5)
7890.038, 789.2208657136468, 9-4_P1f(5.5)
7912.167, 791.4343633217562, 5-1_Q2f(0.5)
7912.336, 791.4512678858387, 5-1_Q2e(0.5)
7913.681, 791.5858042095228, 5-1_Q1f(1.5)
7913.735, 791.5912056678741, 5-1_Q1e(1.5)
7918.207, 792.0385264416392, 5-1_Q2f(1.5)
7918.491, 792.0669341115747, 5-1_Q2e(1.5)
7920.982, 792.316101385784, 9-4_P2f(5.5)
7921.020, 792.3199024120498, 5-1_Q1f(2.5)
7921.106, 792.3285047346517, 9-4_P2e(5.5)
7921.219, 792.3398077864432, 5-1_Q1e(2.5)
7930.868, 793.3049683801798, 9-4_P1e(6.5)
7931.379, 793.3560821810992, 9-4_P1f(6.5)
7931.542, 793.3723865833533, 5-1_Q1f(3.5)
7931.994, 793.41759879084, 5-1_Q1e(3.5)
7945.385, 794.7570604573078, 5-1_Q1f(4.5)
7946.198, 794.8383824153377, 5-1_Q1e(4.5)
7949.163, 795.1349624963475, 5-1_P2e(1.5)
7949.245, 795.1431647110754, 5-1_P2f(1.5)
7964.603, 796.6793795211947, 5-1_P1e(2.5)
7964.698, 796.6888820871347, 5-1_P1f(2.5)
7968.024, 797.0215719224168, 9-4_P2f(6.5)
7968.249, 797.0440779996945, 9-4_P2e(6.5)
7976.986, 797.9180139897165, 9-4_P1e(7.5)
7977.650, 797.9844319248388, 9-4_P1f(7.5)
7979.749, 798.1943886205436, 5-1_P2e(2.5)
7979.788, 798.1982896739682, 5-1_P2f(2.5)
7993.241, 799.5439530573632, 5-1_P1e(3.5)
7993.424, 799.5622580005177, 5-1_P1f(3.5)
8014.046, 801.6250150512304, 5-1_P2f(3.5)
8014.072, 801.6276157535715, 5-1_P2e(3.5)
8020.024, 802.2229765367936, 9-4_P2f(7.5)
8020.361, 802.2566856403474, 9-4_P2e(7.5)
8025.668, 802.787529002025, 5-1_P1e(4.5)
8025.952, 802.8159366739658, 5-1_P1f(4.5)
8028.169, 803.0376965639039, 9-4_P1e(8.5)
8029.001, 803.1209190395958, 9-4_P1f(8.5)
8051.966, 805.4180394348188, 5-1_P2f(4.5)
8052.074, 805.4288423524981, 5-1_P2e(4.5)
8061.979, 806.4196099446855, 5-1_P1e(5.5)
8062.377, 806.4594206971316, 5-1_P1f(5.5)
8077.147, 807.9368197334395, 9-4_P2f(8.5)
8077.613, 807.983432323435, 9-4_P2e(8.5)
8084.582, 808.6805206076344, 9-4_P1e(9.5)
8085.600, 808.7823481115943, 9-4_P1f(9.5)
8093.579, 809.580463687615, 5-1_P2f(5.5)
8093.780, 809.6005691182693, 5-1_P2e(5.5)
8102.239, 810.446697667353, 5-1_P1e(6.5)
8103.761, 810.5989387899111, 5-1_P1f(6.5)
8138.962, 814.1199899175389, 5-1_P2f(6.5)
8139.264, 814.150198077881, 5-1_P2e(6.5)
8146.508, 814.874793819689, 5-1_P1e(7.5)
8147.162, 814.9402114917335, 5-1_P1f(7.5)
8188.216, 819.0467208835913, 5-1_P2f(7.5)
8188.630, 819.0881320715292, 5-1_P2e(7.5)
8194.849, 819.7102001350604, 5-1_P1e(8.5)
8195.645, 819.7898216464957, 5-1_P1f(8.5)
8241.457, 824.3722597529396, 5-1_P2f(8.5)
8241.990, 824.4255741584316, 5-1_P2e(8.5)
8247.340, 824.9607187548224, 5-1_P1e(9.5)
8248.288, 825.055544376939, 5-1_P1f(9.5)
8278.267, 828.0542546630628, 6-2_R1f(4.5)
8278.330, 828.0605563659111, 6-2_R1e(4.5)
8278.570, 828.084562852954, 6-2_R1f(5.5)
8278.607, 828.0882638530401, 6-2_R1e(5.5)
8279.940, 828.2215998832214, 6-2_R2e(4.5)
8280.037, 828.2313025050767, 6-2_R2f(4.5)
8280.988, 828.3264282100984, 6-2_R2e(3.5)
8281.073, 828.3349305076056, 6-2_R2f(3.5)
8281.645, 828.3921459684883, 6-2_R1f(3.5)
8281.719, 828.3995479686737, 6-2_R1e(3.5)
8282.662, 828.493873457552, 6-2_R1e(6.5)
8282.665, 828.4941735386408, 6-2_R1f(6.5)
8283.122, 828.5398858911697, 6-2_R2e(5.5)
8283.217, 828.5493884589838, 6-2_R2f(5.5)
8286.369, 828.8646736566446, 6-2_R2e(2.5)
8286.427, 828.8704752243735, 6-2_R2f(2.5)
8288.568, 829.0846330953295, 6-2_R1f(2.5)
8288.637, 829.0915349603953, 6-2_R1e(2.5)
8290.479, 829.2757847496397, 6-2_R2e(6.5)
8290.558, 829.2836868850138, 6-2_R2f(6.5)
8290.585, 829.2863876148249, 6-2_R1e(7.5)
8290.644, 829.292289209598, 6-2_R1f(7.5)
8296.232, 829.8512402544493, 6-2_R2e(1.5)
8296.248, 829.8528406869353, 6-2_R2f(1.5)
8298.809, 830.1090099119273, 5-1_P2f(9.5)
8298.872, 830.1153116148507, 6-2_R1f(1.5)
8298.921, 830.1202129393469, 6-2_R1e(1.5)
8299.471, 830.1752278061493, 5-1_P2e(9.5)
8301.995, 830.4276960314827, 6-2_R2e(7.5)
8302.045, 830.4326973830183, 6-2_R2f(7.5)
8302.460, 830.4742086007698, 6-2_R1e(8.5)
8302.587, 830.4869120336742, 6-2_R1f(8.5)
8304.071, 830.6353521473653, 5-1_P1e(10.5)
8305.184, 830.7466822327169, 5-1_P1f(10.5)
8310.703, 831.2987314171114, 6-2_R2f(0.5)
8310.736, 831.3020323091417, 6-2_R2e(0.5)
8317.685, 831.997120150453, 6-2_R2e(8.5)
8317.693, 831.9979203667059, 6-2_R2f(8.5)
8318.365, 832.0651385319652, 6-2_R1e(9.5)
8318.575, 832.086144208614, 6-2_R1f(9.5)
8337.544, 833.9835569826135, 6-2_R2f(9.5)
8337.589, 833.9880581990873, 6-2_R2e(9.5)
8338.383, 834.0674796631127, 6-2_R1e(10.5)
8338.688, 834.0979879081195, 6-2_R1f(10.5)
8342.944, 834.5237029603073, 6-2_Q2f(0.5)
8343.122, 834.5415077721927, 6-2_Q2e(0.5)
8344.575, 834.6868470513039, 6-2_Q1f(1.5)
8344.630, 834.6923485381272, 6-2_Q1e(1.5)
8349.773, 835.2067875703993, 6-2_Q2f(1.5)
8349.923, 835.2217916254172, 6-2_Q2e(1.5)
8352.764, 835.5059684276961, 6-2_Q1f(2.5)
8352.967, 835.5262739155218, 6-2_Q1e(2.5)
8360.404, 836.2701749661877, 5-1_P2f(10.5)
8361.206, 836.3503966475142, 5-1_P2e(10.5)
8364.490, 836.6788854277881, 6-2_Q1f(3.5)
8364.952, 836.7250979176317, 6-2_Q1e(3.5)
8365.150, 836.7449032704259, 5-1_P1e(11.5)
8366.437, 836.8736380636398, 5-1_P1f(11.5)
8379.903, 838.2206021138496, 6-2_Q1f(4.5)
8380.737, 838.3040246611823, 6-2_Q1e(4.5)
8382.347, 838.4650681879191, 6-2_P2e(1.5)
8382.436, 838.4739705940597, 6-2_P2f(1.5)
8399.120, 840.1428216586273, 6-2_P1e(2.5)
8399.219, 840.1527243352134, 6-2_P1f(2.5)
8415.208, 841.7520566245695, 6-2_P2e(2.5)
8415.254, 841.7566578682768, 6-2_P2f(2.5)
8426.386, 842.8701588489065, 5-1_P2f(11.5)
8427.338, 842.9653845888538, 5-1_P2e(11.5)
8430.079, 843.2395586996324, 6-2_P1e(3.5)
8430.270, 843.2586638638795, 6-2_P1f(3.5)
8430.698, 843.3014754361261, 5-1_P1e(12.5)
8432.171, 843.4488152631176, 5-1_P1f(12.5)
8452.239, 845.4561578738015, 6-2_P2f(3.5)
8452.261, 845.4583584686632, 6-2_P2e(3.5)
8465.208, 846.7534085491528, 6-2_P1e(4.5)
8465.509, 846.7835166881526, 6-2_P1f(4.5)
8493.336, 849.5669691477259, 6-2_P2f(4.5)
8493.443, 849.577672041154, 6-2_P2e(4.5)
8496.908, 849.9242657398767, 5-1_P2f(12.5)
8498.020, 850.0354958101375, 5-1_P2e(12.5)
8500.853, 850.318872419294, 5-1_P1e(13.5)
8502.523, 850.4859175791469, 5-1_P1f(13.5)
8504.628, 850.6964745024078, 6-2_P1e(5.5)
8505.054, 850.7390860222986, 6-2_P1f(5.5)
8538.574, 854.0919925003799, 6-2_P2f(5.5)
8538.780, 854.1125980714023, 6-2_P2e(5.5)
8548.428, 855.0776589924741, 6-2_P1e(6.5)
8548.989, 855.1337741643417, 6-2_P1f(6.5)
8572.138, 857.4493002278952, 5-1_P2f(13.5)
8573.491, 857.5846368205811, 5-1_P2e(13.5)
8575.771, 857.8126984847471, 5-1_P1e(14.5)
8577.647, 858.0003492226589, 5-1_P1f(14.5)
8588.037, 859.0396302317905, 6-2_P2f(6.5)
8588.353, 859.0712387784505, 6-2_P2e(6.5)
8596.686, 859.9047641579135, 6-2_P1e(7.5)
8597.394, 859.9755833070847, 6-2_P1f(7.5)
8641.841, 864.42148551017, 6-2_P2f(7.5)
8642.277, 864.4650973036053, 6-2_P2e(7.5)
8652.257, 865.4633672568979, 5-1_P2f(14.5)
8653.716, 865.6093067224374, 5-1_P2e(14.5)
8655.624, 865.8001583334635, 5-1_P1e(15.5)
8657.714, 866.0092148677655, 5-1_P1f(15.5)
8700.118, 870.250761939488, 6-2_P2f(8.5)
8700.685, 870.3074772780304, 6-2_P2e(8.5)
8706.932, 870.9323462735799, 6-2_P1e(9.5)
8707.972, 871.0363744081321, 6-2_P1f(9.5)
8737.466, 873.9865723155342, 5-1_P2f(15.5)
8739.107, 874.1507167111145, 5-1_P2e(15.5)
8740.603, 874.300357183983, 5-1_P1e(16.5)
8742.913, 874.5314196790696, 5-1_P1f(16.5)
8758.690, 876.1095465193898, 7-3_R1f(4.5)
8758.736, 876.1141477639187, 7-3_R1e(4.5)
8760.255, 876.2660888604919, 7-3_R1f(5.5)
8760.265, 876.2670891310426, 7-3_R1e(5.5)
8761.282, 876.36881664606, 7-3_R1f(3.5)
8761.346, 876.3752183775869, 7-3_R1e(3.5)
8761.552, 876.3958239509403, 7-3_R2e(3.5)
8761.646, 876.4052264941217, 7-3_R2f(3.5)
8763.017, 876.5423635867419, 6-2_P2f(9.5)
8763.725, 876.6131827418291, 6-2_P2e(9.5)
8766.062, 876.8469459700227, 7-3_R1e(6.5)
8766.105, 876.8512471334022, 7-3_R1f(6.5)
8766.367, 876.8774542219035, 7-3_R2e(2.5)
8766.434, 876.884156034612, 7-3_R2f(2.5)
8767.880, 877.028795156709, 7-3_R1f(2.5)
8767.944, 877.0351968882565, 7-3_R1e(2.5)
8769.136, 877.1544291383642, 6-2_P1e(10.5)
8770.362, 877.2770623084294, 6-2_P1f(10.5)
8776.197, 877.8607201783793, 7-3_R2e(1.5)
8776.220, 877.8630208006635, 7-3_R2f(1.5)
8776.238, 877.8648212876685, 7-3_R1e(7.5)
8776.349, 877.8759242908665, 7-3_R1f(7.5)
8778.309, 878.0719773204037, 7-3_R1f(1.5)
8778.357, 878.0767786190885, 7-3_R1e(1.5)
8790.896, 879.331017877279, 7-3_R1e(8.5)
8791.091, 879.3505231533057, 7-3_R1f(8.5)
8791.170, 879.3584252907734, 7-3_R2f(0.5)
8791.201, 879.3615261295266, 7-3_R2e(0.5)
8810.139, 881.2558385352488, 7-3_R1e(9.5)
8810.433, 881.2852464901467, 7-3_R1f(9.5)
8825.355, 882.7778502472289, 7-3_Q2f(0.5)
8825.540, 882.7963552529961, 7-3_Q2e(0.5)
8827.068, 882.9491965979886, 7-3_Q1f(1.5)
8827.124, 882.9547981132523, 7-3_Q1e(1.5)
8830.698, 883.3122948198502, 6-2_P2f(10.5)
8830.922, 883.3347008809443, 5-1_P1e(17.5)
8831.559, 883.3984181171935, 6-2_P2e(10.5)
8832.836, 883.526152670926, 7-3_Q2f(1.5)
8833.152, 883.557761221431, 7-3_Q2e(1.5)
8833.454, 883.5879693931204, 5-1_P1f(17.5)
8836.232, 883.8658445620434, 6-2_P1e(11.5)
8836.334, 883.8760473220324, 7-3_Q1f(2.5)
8836.541, 883.896752923188, 7-3_Q1e(2.5)
8837.659, 884.008583174876, 6-2_P1f(11.5)
8845.251, 884.7679886065109, 7-3_Q2f(2.5)
8845.603, 884.8031981313314, 7-3_Q2e(2.5)
8849.582, 885.2012058000954, 7-3_Q1f(3.5)
8850.055, 885.2485185991715, 7-3_Q1e(3.5)
8862.480, 886.4913548154684, 7-3_Q2f(3.5)
8862.754, 886.5187622298977, 7-3_Q2e(3.5)
8866.983, 886.9417766669203, 7-3_Q1f(4.5)
8867.533, 886.9967915500189, 7-3_P2e(1.5)
8867.633, 887.0067942560382, 7-3_P2f(1.5)
8867.841, 887.0275998845602, 7-3_Q1e(4.5)
8885.798, 888.8237858122452, 7-3_P1e(2.5)
8885.902, 888.8341886265944, 7-3_P1f(2.5)
8903.085, 890.5529536235288, 7-3_P2e(2.5)
8903.144, 890.5588552201782, 7-3_P2f(2.5)
8903.336, 890.5780604160549, 6-2_P2f(11.5)
8904.363, 890.680788208613, 6-2_P2e(11.5)
8908.375, 891.0820967813725, 6-2_P1e(12.5)
8910.018, 891.2464412444597, 6-2_P1f(12.5)
8919.533, 892.1981987431269, 7-3_P1e(3.5)
8919.736, 892.2185042368382, 7-3_P1f(3.5)
8926.817, 892.9267958684179, 5-1_P1e(18.5)
8929.566, 893.2017702646357, 5-1_P1f(18.5)
8943.389, 894.5844443618953, 7-3_P2f(3.5)
8943.401, 894.58564468666, 7-3_P2e(3.5)
8949.487, 895.1944093972369, 6-2_P1e(8.5)
8950.355, 895.2812328887945, 6-2_P1f(8.5)
8957.922, 896.0381376835867, 7-3_P1e(4.5)
8958.246, 896.0705464524451, 7-3_P1f(4.5)
8981.124, 898.358965643339, 6-2_P2f(12.5)
8982.327, 898.4792982030749, 6-2_P2e(12.5)
8985.739, 898.8205905507446, 6-2_P1e(13.5)
8987.611, 899.0078412176844, 6-2_P1f(13.5)
8988.314, 899.0781602448933, 7-3_P2f(4.5)
8988.417, 899.0884630326651, 7-3_P2e(4.5)
9001.115, 900.3586067172002, 7-3_P1e(5.5)
9001.577, 900.4048192218457, 7-3_P1f(5.5)
9037.952, 904.0433037895792, 7-3_P2f(5.5)
9038.162, 904.0643094738525, 7-3_P2e(5.5)
9049.232, 905.1716091190079, 7-3_P1e(6.5)
9049.845, 905.2329257119826, 7-3_P1f(6.5)
9092.398, 909.4893775970486, 7-3_P2f(6.5)
9092.728, 909.5223865302661, 7-3_P2e(6.5)
9102.380, 910.4878478154382, 7-3_P1e(7.5)
9103.158, 910.5656688765198, 7-3_P1f(7.5)
9151.785, 915.4296852999618, 7-3_P2f(7.5)
9152.247, 915.4758978076471, 7-3_P2e(7.5)
9161.275, 916.378942223722, 7-3_P1f(8.5)
9216.275, 921.8804313193023, 7-3_P1e(8.5)
9216.275, 921.8804313193023, 7-3_P2f(8.5)
9216.881, 921.9410477271339, 7-3_P2e(8.5)
9224.246, 922.677747140368, 7-3_P1e(9.5)
9225.398, 922.7929783318883, 7-3_P1f(9.5)
9305.982, 930.8535603575275, 8-4_R1f(4.5)
9306.009, 930.8562610886684, 8-4_R1e(4.5)
9307.345, 930.9898972666451, 8-4_R1f(3.5)
9307.398, 930.9951987018508, 8-4_R1e(3.5)
9308.998, 931.1552420288674, 8-4_R2e(3.5)
9309.110, 931.1664450617626, 8-4_R2f(3.5)
9310.701, 931.3255881451742, 8-4_R2e(4.5)
9310.822, 931.3376914217923, 8-4_R2f(4.5)
9312.861, 931.5416466369591, 8-4_R2e(2.5)
9312.944, 931.5499488845637, 8-4_R2f(2.5)
9313.316, 931.587158958169, 8-4_R1f(2.5)
9313.375, 931.593060555865, 8-4_R1e(2.5)
9317.663, 932.0219766735352, 8-4_R1e(6.5)
9317.753, 932.0309791107142, 8-4_R1f(6.5)
9317.878, 932.0434824956858, 8-4_R2e(5.5)
9317.988, 932.0544854744613, 8-4_R2f(5.5)
9322.431, 932.4989057903205, 8-4_R2e(1.5)
9322.467, 932.5025067651989, 8-4_R2f(1.5)
9323.706, 932.6264403173001, 8-4_R1f(1.5)
9323.752, 932.6310415629805, 8-4_R1e(1.5)
9330.493, 933.30532411025, 8-4_R2e(6.5)
9330.574, 933.313426303753, 8-4_R2f(6.5)
9330.999, 933.3559378128776, 8-4_R1e(7.5)
9331.178, 933.3738426602525, 8-4_R1f(7.5)
9337.842, 934.0404231243227, 8-4_R2f(0.5)
9337.866, 934.0428237742564, 8-4_R2e(0.5)
9374.223, 937.679508369098, 8-4_Q2f(0.5)
9374.414, 937.6986135417649, 8-4_Q2e(0.5)
9375.933, 937.850554679412, 8-4_Q1f(1.5)
9375.989, 937.8561561960088, 8-4_Q1e(1.5)
9382.747, 938.5321392176787, 8-4_Q2f(1.5)
9383.075, 938.5649481006941, 8-4_Q2e(1.5)
9386.603, 938.9178436475406, 8-4_Q1f(2.5)
9386.813, 938.9388493348685, 8-4_Q1e(2.5)
9401.322, 940.3901422792413, 8-4_Q1e(3.5)
9401.841, 940.4420563353684, 8-4_Q1f(3.5)
9419.672, 942.2256392604479, 8-4_P2e(1.5)
9419.786, 942.2370423480018, 8-4_P2f(1.5)
9439.596, 944.2185788858222, 8-4_P1e(2.5)
9439.704, 944.2293818109564, 8-4_P1f(2.5)
9458.490, 946.1084906286519, 8-4_P2f(2.5)
9458.566, 946.1160926871353, 8-4_P2e(2.5)
9476.748, 947.9347851584839, 8-4_P1e(3.5)
9476.912, 947.9511896005888, 8-4_P1f(3.5)
9502.812, 950.5418911409405, 8-4_P2f(3.5)
9502.818, 950.5424913034625, 8-4_P2e(3.5)
9519.182, 952.1793345600523, 8-4_P1e(4.5)
9519.527, 952.2138439052796, 8-4_P1f(4.5)
9552.490, 955.5110368149441, 8-4_P2f(4.5)
9552.527, 955.5147378172318, 8-4_P2e(4.5)
9567.090, 956.971432316205, 8-4_P1e(5.5)
9567.588, 957.0212458067299, 8-4_P1f(5.5)
9607.625, 961.0260304152758, 8-4_P2f(5.5)
9607.828, 961.0463359147274, 8-4_P2e(5.5)
9620.630, 962.3268827353946, 8-4_P1e(6.5)
9621.300, 962.3939008866175, 8-4_P1f(6.5)
9668.337, 967.0988752243757, 8-4_P2f(6.5)
9668.670, 967.1321842463763, 8-4_P2e(6.5)
9674.165, 967.6818331235071, 3-0_R2e(3.5)
9674.304, 967.6957368894758, 3-0_R2f(3.5)
9679.953, 968.2607899401139, 8-4_P1e(7.5)
9679.953, 968.2607899401139, 8-4_P1e(7.5)
9680.810, 968.3465131592604, 8-4_P1f(7.5)
9682.152, 968.4807495188172, 3-0_R1f(3.5)
9682.338, 968.4993545582244, 3-0_R1e(3.5)
9690.464, 969.3121747219137, 3-0_R2e(2.5)
9690.546, 969.3203769436119, 3-0_R2f(2.5)
9699.263, 970.1923131223379, 3-0_R1e(2.5)
9699.263, 970.1923131223379, 3-0_R1f(2.5)
9711.702, 971.4365501497412, 3-0_R2e(1.5)
9711.711, 971.4374503935928, 3-0_R2f(1.5)
9719.782, 972.2447690755312, 3-0_R1f(1.5)
9719.880, 972.2545717308334, 3-0_R1e(1.5)
9734.798, 973.7467759367993, 8-4_P2f(7.5)
9735.269, 973.7938886987586, 8-4_P2e(7.5)
9738.056, 974.0726642139517, 3-0_R2f(0.5)
9738.124, 974.07946605645, 3-0_R2e(0.5)
9745.215, 974.7887581919729, 8-4_P1e(8.5)
9746.280, 974.8952870490325, 8-4_P1f(8.5)
9789.275, 979.1959520672513, 3-0_Q2f(0.5)
9789.557, 979.2241597087035, 3-0_Q2e(0.5)
9791.071, 979.3756007341345, 3-0_Q1f(1.5)
9791.166, 979.3851033083881, 3-0_Q1e(1.5)
9799.497, 980.2184290580893, 3-0_Q1f(2.5)
9799.843, 980.2530384338938, 3-0_Q1e(2.5)
9811.596, 981.4286569156126, 3-0_Q1f(3.5)
9812.373, 981.5063779708545, 3-0_Q1e(3.5)
9816.597, 981.9288924336893, 8-4_P1e(9.5)
9817.885, 982.0577273363039, 8-4_P1f(9.5)
9848.425, 985.1125549350498, 3-0_P2e(2.5)
9848.545, 985.1245581869736, 3-0_P2f(2.5)
9872.060, 987.476695437959, 3-0_P1e(2.5)
9872.214, 987.4920996113846, 3-0_P1f(2.5)
9894.724, 989.7437096446325, 3-0_P2f(2.5)
9894.766, 989.747910782871, 3-0_P2e(2.5)
9914.531, 991.7249464390983, 3-0_P1e(3.5)
9914.814, 991.7532541088465, 3-0_P1f(3.5)
9941.627, 994.4352807956345, 9-5_R1f(3.5)
9941.660, 994.4385816900159, 9-5_R1e(3.5)
9942.189, 994.4914960272299, 9-5_R1e(4.5)
9942.197, 994.4922962440501, 9-5_R1f(4.5)
9945.230, 994.7956784460623, 3-0_P2f(3.5)
9945.296, 994.8022802348335, 3-0_P2e(3.5)
9946.485, 994.9212124598419, 9-5_R1f(2.5)
9946.534, 994.9261137878708, 9-5_R1e(2.5)
9947.691, 995.0418451456422, 9-5_R2e(2.5)
9947.802, 995.0529481540391, 9-5_R2f(2.5)
9948.327, 995.105462382949, 9-5_R1e(5.5)
9948.402, 995.1129644156512, 9-5_R1f(5.5)
9956.556, 995.9285854121305, 9-5_R1f(1.5)
9956.598, 995.9327865504549, 9-5_R1e(1.5)
9956.625, 995.935487282235, 9-5_R2e(1.5)
9956.684, 995.94138888131, 9-5_R2f(1.5)
9961.716, 996.4447252638599, 3-0_P1e(4.5)
9962.146, 996.48773691821, 3-0_P1f(4.5)
9972.345, 997.5079133449012, 9-5_R2f(0.5)
9972.353, 997.508713561729, 9-5_R2e(0.5)
9999.901, 1000.264260220711, 3-0_P2f(4.5)
10000.090, 1000.2831653434379, 3-0_P2e(4.5)
10011.245, 1001.3989676947944, 9-5_Q2f(0.5)
10011.439, 1001.418372953114, 9-5_Q2e(0.5)
10012.782, 1001.5527093548158, 9-5_Q1f(1.5)
10012.838, 1001.5583108726839, 9-5_Q1e(1.5)
10013.693, 1001.6438340472911, 3-0_P1e(5.5)
10014.280, 1001.7025499578244, 3-0_P1f(5.5)
10025.346, 1002.8094499019096, 9-5_Q1f(2.5)
10025.557, 1002.8305556211056, 9-5_Q1e(2.5)
10043.270, 1004.6023357404985, 9-5_Q1f(3.5)
10043.756, 1004.6509489139032, 9-5_Q1e(3.5)
10060.649, 1006.3407068163757, 9-5_P2e(1.5)
10060.780, 1006.3538103673034, 9-5_P2f(1.5)
10082.411, 1008.5174967115184, 9-5_P1e(2.5)
10082.524, 1008.52879977461, 9-5_P1f(2.5)
10103.554, 1010.6323698419164, 9-5_P2e(2.5)
10103.655, 1010.6424725797912, 9-5_P2f(2.5)
10123.894, 1012.6669212183192, 9-5_P1e(3.5)
10124.123, 1012.6898274261209, 9-5_P1f(3.5)
10152.956, 1015.5739090528522, 9-5_P2f(3.5)
10152.990, 1015.5773099745651, 9-5_P2e(3.5)
10171.512, 1017.4300120964667, 9-5_P1f(4.5)
10171.512, 1017.4300120964667, 9-5_P1f(4.5)
10171.888, 1017.4676222897427, 9-5_P1f(4.5)
10180.993, 1018.3783691255745, 4-1_R2e(2.5)
10181.078, 1018.3868714299298, 4-1_R2f(2.5)
10189.632, 1019.2425033305242, 4-1_R1f(2.5)
10189.782, 1019.2575073970731, 4-1_R1e(2.5)
10203.043, 1020.5839669098123, 4-1_R2e(1.5)
10203.053, 1020.5849671809195, 4-1_R2f(1.5)
10208.747, 1021.1545215499178, 9-5_P2f(4.5)
10208.810, 1021.160823257905, 9-5_P2e(4.5)
10211.034, 1021.3832835526352, 4-1_R1f(1.5)
10211.102, 1021.3900853961819, 4-1_R1e(1.5)
10225.509, 1022.8311759871444, 9-5_P1e(5.5)
10226.059, 1022.8861908984246, 9-5_P1f(5.5)
10230.624, 1023.3428146624042, 4-1_R2f(0.5)
10230.695, 1023.3499165873254, 4-1_R2e(0.5)
10270.990, 1027.3805090722362, 9-5_P2f(5.5)
10271.175, 1027.3990140880996, 9-5_P2e(5.5)
10284.622, 1028.7440786762982, 4-1_Q2f(0.5)
10284.917, 1028.7735866746866, 4-1_Q2e(0.5)
10286.590, 1028.940932035086, 4-1_Q1f(1.5)
10286.686, 1028.950534637957, 4-1_Q1e(1.5)
10295.848, 1029.8669830506756, 4-1_Q1f(2.5)
10296.200, 1029.902192594632, 4-1_Q1e(2.5)
10347.227, 1035.0062761543238, 4-1_P2e(1.5)
10347.357, 1035.0192796792753, 4-1_P2f(1.5)
10372.798, 1037.5640695217592, 4-1_P1e(2.5)
10372.956, 1037.5798738060482, 4-1_P1f(2.5)
10396.512, 1039.9361125527778, 4-1_P2e(2.5)
10396.564, 1039.9413139628323, 4-1_P2f(2.5)
10418.216, 1042.1071010945604, 4-1_P1e(3.5)
10418.511, 1042.1366090940917, 4-1_P1f(3.5)
10450.471, 1045.3334757698158, 4-1_P2f(3.5)
10450.531, 1045.339477396894, 4-1_P2e(3.5)
10468.735, 1047.1603710570146, 4-1_P1e(4.5)
10469.188, 1047.2056833416877, 4-1_P1f(4.5)
